0.005462 0.042319 0.887586 0.029197 0.035957 0.007777 0.018047 0 
0.042047 0.041355 1.0575 0.015868 0.019013 0.00187 0.082599 0 
0.060266 0.174205 1.31888 0.054926 0.030654 0.002595 0.104952 0 
0.105993 0.189955 1.29547 0.052427 0.031695 0.00351 0.15426 0 
0.121689 0.249321 1.78174 0.10326 0.049077 0.003678 0.223149 0 
0.105601 0.25298 1.64261 0.121443 0.050898 0.003177 0.223697 0 
0.111109 0.270525 1.52738 0.091157 0.058683 0.004449 0.178746 0 
0.134697 0.337177 1.56728 0.11227 0.062764 0.005004 0.424642 0 
0.14424 0.481102 1.79955 0.157891 0.08519 0.005821 0.735258 0 
0.198665 0.708322 2.0166 0.185397 0.19611 0.01217 0.592421 0 
0.299633 1.07577 2.57683 0.354115 0.408465 0.017974 0.964902 0 
0.453366 1.41418 3.28353 0.487483 0.494158 0.014855 0.904575 0 
0.454378 1.48969 3.04394 0.474744 0.404065 0.020014 1.04698 0 
0.590439 2.01321 3.30675 0.597417 0.708096 0.022576 2.73391 0 
0.925554 2.40956 3.94234 0.703555 1.22901 0.041506 2.73813 0 
1.26961 3.03089 4.84846 0.985537 1.88322 0.040202 2.60126 0 
1.67807 4.03206 6.28047 1.18436 2.26632 0.047671 6.36161 0 
1.99134 4.91215 6.42619 1.28775 3.39203 0.063406 3.62302 0 
1.98746 5.12179 6.85374 1.35994 3.22381 0.045743 3.73871 0 
2.31649 5.13325 6.52455 1.62966 2.60276 0.046202 2.24978 0 
1.7444 3.89932 5.27534 1.1155 1.89456 0.036602 1.44955 0 
1.21243 2.90052 6.19467 0.856881 1.34042 0.032566 1.45663 0 
1.36381 3.2285 5.79272 1.01059 1.02292 0.027118 1.64299 0 
0.99149 2.21402 3.63785 0.840889 0.834942 0.022839 0.887057 0 
0.993825 1.72291 3.01742 0.799734 0.515802 0.021125 1.27796 0 
0.799706 1.47606 2.76401 0.750285 0.531761 0.016547 0.985928 0 
0.859096 1.45149 3.55083 0.845154 0.607121 0.019591 1.04642 0 
0.762696 1.76633 3.43617 1.04931 0.730743 0.018698 0.906912 0 
0.63733 1.25242 3.21979 0.778547 0.413659 0.015714 1.0557 0 
0.581934 1.42137 3.21088 0.60575 0.558041 0.01603 0.847641 0 
0.441609 1.32698 3.00182 0.350347 0.428768 0.014899 0.849844 0 
0.39565 1.12466 2.83857 0.279701 0.570413 0.015115 0.976966 0 
0.456842 1.66664 3.14637 0.402667 0.830655 0.021216 1.31728 0 
0.523324 2.32451 4.22137 0.45487 0.872712 0.026283 1.83505 0 
0.663232 2.27121 4.24658 0.589926 0.937348 0.025292 2.01211 0 
0.80825 2.86573 4.40512 0.661952 0.98545 0.02738 1.38246 0 
0.885956 2.83804 5.70048 0.72667 1.33661 0.040282 2.33157 0 
0.922707 2.77313 4.44853 0.76871 1.16368 0.042915 1.53725 0 
0.855648 2.97587 5.38577 0.731501 1.06956 0.027172 1.59383 0 
0.869878 2.56359 4.15044 0.713482 1.0376 0.028073 2.05956 0 
0.865787 3.01228 4.43072 0.753545 1.08026 0.031487 3.2675 0 
1.06123 2.98125 4.6932 0.711368 1.41699 0.031505 3.27016 0 
1.0641 3.34612 4.68121 0.687775 1.55691 0.031241 2.09733 0 
1.20856 3.19686 4.78121 0.836845 1.35196 0.03137 2.07774 0 
1.23488 3.348 6.36907 0.928251 1.16669 0.03734 2.13854 0 
1.39335 3.53975 5.63878 1.01713 1.55632 0.042751 5.39185 0 
1.8923 3.94282 5.25626 1.15675 1.71007 0.060405 2.19249 0 
2.46596 4.81492 9.85917 1.36809 1.91542 0.053721 6.24704 0 
2.67619 5.27007 6.65088 1.81643 2.22302 0.066488 3.05478 0 
2.7074 5.56014 7.36173 2.07687 2.21848 0.054023 3.38524 0 
